1 0
2 0
3 0
4 0
5 0
6 0
7 0
8 0
9 0
10 0
11 0
12 0
13 0
14 0
15 0
16 0
17 0
18 0
19 0
20 0
21 0
22 0
23 0
24 0
25 0
26 0
27 0
28 0
29 0
30 0
31 1
32 2
33 2
34 3
35 3
36 7
37 10
38 13
39 15
40 24
41 30
42 45
43 64
44 100
45 101
46 190
47 306
48 432
49 564
50 762
51 1003
52 1227
53 1412
54 1682
55 2357
56 2900
57 3763
58 4246
59 5472
60 6739
61 6953
62 8999
63 10258
64 11536
65 12346
66 13317
67 14543
68 15453
69 16362
70 17529
71 18492
72 19893
73 21017
74 21625
75 22506
76 23337
77 24755
78 25489
79 26311
80 27056
81 27865
82 28309
83 29648
84 30533
85 30838
86 31531
87 32137
88 32844
89 33186
90 33683
91 34720
92 35454
93 36066
94 36885
95 37422
96 37971
